#短信防打扰白名单
version:1377765217
106571203855789
1065507729536789
1065502195188
10655057868
10655057869
10655059118
10655059666
1065600000
1065700000
106575000086
106575170001
106575170002
106575170003
106575170005
106575170006
106575258188
106575258189
106575258190
106575259190
106575321296
106575321757
106575326080
106575552766
106575552788
1065800000
106590202028
106590571868
106590571869
1069099999
106980095188
95188
10655010633351686
1065502006373977
10655021833043977
1065505328995996
1065507729531689
1065507729535789
1065507729681680
106571014010031
106571203855782
106571203855786
1065730760433977
1065751602503977
1065751608203977
1065751608203977001
10657520300931689
10657520300951686
10657532256785
10657532256786
10659021000759977
10659021000763977
10659057109531789
10659057109536700
10659057119581686
1065905716955990
10659057199535789
10655010633351686001
1065502006373977001
10655021833043977001
1065505328995996001
1065507729531689001
1065507729535789001
1065507729536789001
1065507729681680001
106571014010031001
106571203855782001
106571203855786001
106571203855789001
1065730760433977001
1065751602503977001
10657520300931689001
10657520300951686001
10657532256785001
10657532256786001
10659021000759977001
10659021000763977001
10659057109531789001
10659057109536700001
10659057119581686001
1065905716955990001
10659057199535789001